622
105
415
306
275
518
925
694
80
495
733
214
726
341
176
660
217
233
715
661
390
971
475
933
212
13
726
728
573
582
941
660
510
839
86
57
442
291
646
177
477
959
244
202
844
859
64
53
666
765
210
186
796
777
375
690
230
711
501
465
351
401
488
614
767
118
54
728
874
504
301
286
28
151
148
571
499
440
166
133
101
869
747
800
238
410
0
708
435
49
327
936
381
355
386
345
373
956
369
723
222
546
155
874
25
881
929
645
945
621
333
352
838
102
913
589
183
89
941
663
384
929
464
18
172
889
439
562
923
604
316
518
388
427
966
976
207
443
678
805
33
824
673
956
242
658
409
668
459
803
679
110
56
41
675
908
334
790
612
500
662
402
803
350
871
370
129
806
938
71
672
373
527
597
503
451
53
366
136
745
174
603
387
790
920
230
693
120
760
439
996
341
194
529
601
741
587
920
936
997
39
410
11
459
670
919
618
673
642
942
279
376
940
645
510
859
988
932
434
452
110
615
971
903
809
63
851
9
788
139
575
460
42
504
627
922
980
498
318
563
981
70
509
814
833
742
819
520
966
351
718
643
237
267
181
190
74
638
933
549
390
23
475
69
230
29
468
54
884
995
736
645
779
690
221
957
9
177
151
178
869
787
853
481
327
654
391
679
151
475
195
213
757
175
167
205
680
517
993
164
346
125
859
163
384
333
666
843
760
35
373
692
659
924
962
835
986
452
708
342
500
714
105
765
949
479
424
359
971
115
143
94
634
581
987
624
503
333
305
643
410
327
273
156
60
510
938
899
680
882
560
231
726
591
146
482
370
668
800
120
492
637
618
834
128
53
516
297
45
60
742
793
467
97
383
124
645
588
433
839
14
683
447
277
217
38
195
662
288
537
157
468
582
550
742
114
160
908
931
409
421
872
716
577
911
974
188
960
250
588
419
994
297
395
334
173
216
587
808
399
291
410
882
670
750
497
583
212
950
716
178
118
676
27
552
415
442
233
930
101
854
200
139
720
412
855
168
946
463
474
653
368
672
604
36
915
599
764
840
459
574
737
368
657
670
538
143
624
696
831
496
319
437
582
390
853
930
755
41
434
323
103
430
357
857
435
70
415
310
137
270
235
788
207
622
25
789
121
91
102
646
187
71
554
821
472
784
453
641
937
534
798
704
581
934
170
307
225
244
838
238
85
949
505
68
683
834
600
72
837
616
439
558
881
181
561
607
451
693
229
371
775
586
725
425
338
442
731
106
269
378
99
476
444
889
943
154
489
111
371
609
367
876
590
621
918
205
665
577
411
416
831
766
857
313
881
251
160
758
101
187
968
653
58
12
290
845
555
683
515
769
381
84
270
25
623
759
733
675
325
831
516
495
833
765
290
704
55
129
300
821
451
672
104
744
649
721
987
662
472
505
776
429
20
822
285
756
38
297
235
243
570
564
730
300
278
275
782
497
394
168
19
925
952
726
872
951
370
903
939
272
354
41
713
542
713
427
264
833
560
757
531
186
132
877
609
492
970
14
170
650
79
99
191
8
754
522
285
662
625
835
870
527
325
839
916
248
339
486
682
547
799
625
689
339
503
990
756
330
225
833
833
391
210
959
637
395
852
430
162
570
963
977
399
687
45
648
533
383
924
259
361
656
689
831
186
643
454
489
209
204
711
104
912
42
198
903
825
554
883
728
484
518
804
364
500
91
135
454
494
984
177
375
655
122
81
964
386
692
606
509
130
844
809
463
946
257
305
56
927
576
49
298
870
694
888
25
247
432
565
742
742
942
789
342
970
214
579
389
411
788
570
412
365
815
706
737
483
903
916
142
730
107
252
794
124
455
450
987
510
914
573
901
198
397
381
827
796
648
835
844
347
47
903
818
780
449
365
996
648
473
510
332
960
989
662
962
19
364
415
534
523
69
778
69
212
394
165
867
498
435
965
367
830
951
465
140
116
293
120
835
84
385
225
582
156
531
781
80
734
585
723
776
755
644
472
564
988
864
304
673
312
668
894
521
911
266
291
158
737
361
303
322
156
461
9
705
905
320
236
734
482
954
617
978
658
964
579
612
128
171
235
666
458
175
760
709
834
963
394
291
831
591
388
293
171
49
732
761
692
122
192
122
490
516
126
51
764
361
615
203
287
151
386
737
524
112
201
153
212
470
90
79
106
412
180
952
622
967
564
537
634
563
723
455
930
810
149
253
557
559
729
243
458
545
320
755
481
203
156
296
168
864
127
7
806
460
212
711
687
701
221
293
701
552
451
824
447
200
388
164
801
650
92
650
735
924
650
764
399
195
493
357
994
676
396
71
943
858
591
855
757
758
645
410
74
301
266
67
220
843
469
141
291
669
20
226
226
180
4
718
304
94
808
542
311
238
925
210
777
659
193
626
265
446
366
300
517
910
246
899
150
638
788
475
249
709
149
529
150
342
649
680
578
366
930
742
91
754
216
909
399
619
822
197
553
834
428
998
50
966
194
348
168
693
382
875
61
982
227
634
919
948
118
780
255
983
525
265
889
741
559
235
751
358
362
60
985
109
997
189
997
410
666
697
207
196
159
777
797
660
74
776
450
629
543
646
29
919
895
690
293
658
998
345
75
504
25
947
732
251
51
316
809
358
739
896
461
208
683
72
771
538
863
489
938
602
639
11
414
992
515
991
875
966
571
202
880
164
224
231
990
161
346
312
844
430
791
12
257
732
741
276
644
422
636
832
795
609
163
607
951
471
637
427
656
499
240
339
42
975
130
442
340
154
831
468
337
317
204
801
556
724
338
578
757
50
895
305
418
61
846
229
220
912
361
706
832
439
409
127
525
293
579
625
537
154
550
517
795
928
196
787
372
197
5
198
512
843
379
800
338
450
566
402
665
807
524
216
957
597
835
979
429
906
999
216
969
69
651
79
351
123
101
46
765
313
243
531
834
556
84
344
856
260
397
377
809
287
280
337
342
426
114
466
62
538
626
292
729
288
361
389
306
602
370
446
610
527
336
350
726
515
534
591
239
616
735
142
170
117
931
657
60
32
514
73
100
168
224
751
293
878
349
155
150
697
256
999
87
352
887
266
962
514
118
336
164
729
65
599
207
37
32
324
661
933
86
460
603
553
614
631
983
963
771
806
320
595
97
373
585
778
733
900
409
670
550
727
834
843
847
557
27
971
379
6
957
277
771
710
526
561
646
422
990
875
278
402
836
62
411
756
603
535
278
663
710
330
828
968
117
91
237
95
428
419
56
635
38
450
189
91
91
299
582
154
403
763
251
882
726
123
344
528
441
838
909
8
327
764
179
7
178
564
94
543
36
896
59
56
255
866
15
912
996
821
729
661
516
862
581
850
873
481
398
46
296
976
432
882
446
686
799
720
180
522
63
73
144
655
745
455
537
776
342
17
495
505
19
917
956
704
905
231
3
11
176
288
252
387
576
538
257
605
124
671
152
58
235
626
236
356
684
165
394
505
85
433
902
484
552
604
560
86
867
757
551
396
387
747
567
690
532
123
330
485
406
128
129
542
295
373
316
891
514
726
774
231
562
589
374
634
485
400
83
227
183
87
560
377
761
939
272
785
662
106
70
522
658
8
363
700
247
639
172
511
486
727
664
968
222
584
475
366
68
964
522
211
552
354
60
734
519
621
880
165
482
243
625
647
11
257
811
536
215
300
736
942
900
314
28
664
560
663
953
878
851
707
400
619
851
449
389
167
106
107
53
153
422
321
863
146
92
688
76
996
938
471
956
74
0
724
182
977
58
389
604
604
213
147
313
381
227
217
80
967
877
58
802
137
300
744
516
349
763
729
538
310
581
716
780
367
103
778
100
185
73
855
456
189
286
975
18
239
237
965
745
307
652
959
284
897
888
61
571
572
220
496
754
241
531
856
115
947
835
910
503
275
760
112
336
900
986
67
902
309
421
602
332
247
459
580
70
870
192
164
650
173
217
970
912
906
737
111
71
752
554
301
893
651
580
469
58
855
782
450
242
713
30
667
869
599
70
215
373
803
750
784
275
562
607
489
463
84
403
548
186
148
927
300
361
382
849
825
281
800
740
322
529
921
733
229
40
751
858
410
564
757
366
830
76
640
475
466
203
331
92
107
169
305
398
645
96
519
163
169
104
708
906
374
951
88
990
267
193
866
441
123
703
438
621
737
583
467
568
954
416
475
489
690
921
619
299
174
453
498
573
705
932
111
491
946
593
571
885
794
67
525
769
556
195
532
991
533
257
127
866
891
651
80
454
58
4
256
122
249
292
964
340
844
121
764
155
826
418
740
981
478
884
260
877
995
211
122
808
976
871
127
981
43
24
535
550
514
815
146
272
44
714
376
435
534
140
945
270
298
639
857
210
986
686
715
193
450
300
349
531
115
299
217
213
780
914
107
518
83
86
342
567
714
523
746
455
100
919
72
640
894
35
414
450
722
583
645
113
63
353
159
453
165
786
511
382
500
965
737
754
484
844
768
805
126
273
750
156
770
367
22
670
746
658
365
647
116
353
879
418
261
758
406
474
848
968
150
853
477
942
571
141
135
415
324
789
726
810
913
45
603
775
414
98
642
137
652
637
281
769
21
70
783
560
926
957
120
960
673
908
173
944
55
356
816
410
629
291
893
498
686
431
923
981
886
370
34
12
254
754
311
3
395
99
707
562
609
195
954
504
701
505
751
959
873
355
564
168
640
779
310
308
841
342
96
716
688
569
694
613
663
232
994
915
29
212
572
385
925
119
25
691
799
319
974
0
867
925
206
599
681
314
311
828
294
901
747
287
329
99
731
146
524
59
621
133
710
605
790
408
669
566
522
172
401
282
504
758
931
703
603
241
164
618
987
535
410
169
155
172
133
524
491
903
872
457
413
845
307
634
228
76
461
84
505
825
463
415
160
142
572
85
415
11
484
617
222
704
736
142
497
45
840
449
235
807
839
371
733
495
48
439
188
735
586
941
89
484
231
736
809
203
98
194
221
298
623
258
196
756
516
567
500
431
181
668
991
430
662
200
330
246
417
249
849
248
815
492
718
674
611
475
409
74
778
563
225
792
199
985
161
406
875
513
237
31
793
251
235
169
208
298
255
592
953
354
815
552
280
582
781
983
488
875
963
53
559
108
720
138
177
554
577
858
480
920
867
127
160
945
700
483
105
814
865
967
430
696
482
637
34
6
906
967
642
316
43
707
637
520
558
332
912
498
96
29
103
327
280
916
782
866
300
464
981
624
907
793
874
246
686
299
896
473
80
294
141
906
933
997
65
364
14
329
666
635
922
626
28
403
88
210
726
810
657
709
473
291
818
944
321
760
751
949
46
699
548
936
804
89
220
10
262
364
493
127
345
179
243
686
468
408
72
468
278
493
565
813
768
356
330
409
417
90
649
87
608
631
433
81
620
317
126
187
216
267
862
753
122
589
631
316
178
233
899
264
336
120
229
581
198
422
174
672
388
697
504
430
867
290
956
852
217
275
926
102
939
902
262
602
169
21
866
304
730
843
294
905
433
229
686
560
199
687
98
337
520
719
728
501
994
88
488
511
7
742
240
558
20
696
912
352
81
471
432
695
745
641
141
602
148
522
578
419
560
505
331
72
759
474
445
192
537
117
90
885
737
954
456
224
613
390
857
845
720
567
621
412
554
129
91
505
383
906
55
577
316
808
5
553
469
933
84
956
828
972
589
153
589
27
738
487
293
620
60
446
272
762
125
796
697
300
333
160
436
225
679
214
416
673
787
320
96
684
367
613
912
841
30
808
805
565
171
600
629
806
734
959
902
58
532
58
146
929
286
252
352
972
688
831
622
400
954
632
658
339
827
677
224
370
536
262
982
108
413
934
747
223
370
772
509
549
663
834
602
122
514
713
551
157
909
591
708
81
837
647
232
254
660
883
17
249
376
687
779
821
157
693
90
364
301
921
131
190
104
65
276
748
327
867
540
394
561
867
181
919
361
423
374
106
103
232
901
882
498
95
754
962
615
978
918
776
315
266
450
217
828
618
340
506
886
894
565
909
890
214
838
166
841
589
584
129
558
530
66
131
25
114
965
121
455
840
76
376
151
51
599
730
584
834
679
626
198
974
516
884
563
196
905
852
930
390
433
569
134
980
851
14
649
484
481
357
825
676
727
352
109
872
14
46
494
220
432
317
824
343
710
130
960
50
180
491
287
20
774
269
636
851
941
255
263
713
178
458
602
681
475
187
18
508
747
511
491
125
955
282
75
957
54
923
468
843
179
648
525
52
91
753
426
82
730
548
967
861
139
925
356
291
228
927
130
853
665
371
660
95
628
955
753
491
842
940
485
716
688
294
639
922
172
690
525
494
737
783
668
203
242
600
324
911
79
261
136
477
461
165
355
921
560
877
6
303
172
47
14
376
153
794
770
617
149
618
338
882
107
764
579
361
633
441
207
808
55
804
833
833
659
825
350
172
714
859
223
187
761
146
211
619
585
208
985
135
985
695
131
826
61
297
319
81
269
114
263
299
240
238
128
486
671
235
527
150
710
386
615
988
85
456
344
570
421
459
801
191
149
291
814
35
324
343
141
488
769
17
186
747
879
599
938
582
500
911
476
907
217
406
371
63
91
429
641
72
791
176
486
772
325
148
982
344
355
157
168
154
147
489
490
908
87
845
834
878
608
202
983
966
605
595
439
886
65
477
906
562
669
99
635
524
901
845
22
662
519
997
421
523
557
615
292
499
548
490
821
762
309
662
854
251
144
532
470
574
889
492
263
907
795
399
420
673
424
771
268
808
179
4
839
103
996
221
53
587
114
187
918
549
40
953
260
695
214
885
